"","quantity_disagreement","allocation_disagreement","total_disagreement","omission","commission","number_of_infected_comp","directional_disagreement","landscape_similarity","allocation_disagreement_num_pixels","configuration_disagreement","true_positives"
"1",43,36,79,18,61,79,-43,0,18,0.270536374579639,18
"2",57,38,95,19,76,93,-57,0,19,0.497419974645418,17
"3",38,36,74,18,56,74,-38,0,18,0.274810451110267,18
"4",62,38,100,19,81,98,-62,0,19,0.397252150163147,17
"5",19,38,57,19,38,55,-19,0,19,0.176059024837576,17
"6",33,40,73,20,53,69,-33,0,20,0.244834462615968,16
"7",45,36,81,18,63,81,-45,0,18,0.415946598808268,18
"8",38,38,76,19,57,74,-38,0,19,0.315004554979712,17
"9",54,38,92,19,73,90,-54,0,19,0.499881516253602,17
"10",19,38,57,19,38,55,-19,0,19,0.152670648251314,17
"11",35,34,69,17,52,71,-35,0,17,0.258884568988253,19
"12",43,32,75,16,59,79,-43,0,16,0.470409001678859,20
"13",17,36,53,18,35,53,-17,0,18,0.202610348228081,18
"14",40,36,76,18,58,76,-40,0,18,0.417388010305164,18
"15",35,38,73,19,54,71,-35,0,19,0.256777772672442,17
"16",36,34,70,17,53,72,-36,0,17,0.314793419475974,19
"17",41,38,79,19,60,77,-41,0,19,0.275035389758747,17
"18",35,38,73,19,54,71,-35,0,19,0.338193642941284,17
"19",44,40,84,20,64,80,-44,0,20,0.283334144405151,16
"20",47,36,83,18,65,83,-47,0,18,0.356192949455976,18
"21",51,34,85,17,68,87,-51,0,17,0.478262154726106,19
"22",47,38,85,19,66,83,-47,0,19,0.353965573713155,17
"23",56,34,90,17,73,92,-56,0,17,0.481490855004827,19
"24",28,40,68,20,48,64,-28,0,20,0.252488919195149,16
"25",24,36,60,18,42,60,-24,0,18,0.422018981945574,18
"26",26,36,62,18,44,62,-26,0,18,0.138989476267174,18
"27",35,38,73,19,54,71,-35,0,19,0.319490279942764,17
"28",33,36,69,18,51,69,-33,0,18,0.226168357384925,18
"29",25,40,65,20,45,61,-25,0,20,0.386644732413145,16
"30",33,38,71,19,52,69,-33,0,19,0.229601152927,17
"31",38,34,72,17,55,74,-38,0,17,0.287012563835585,19
"32",55,34,89,17,72,91,-55,0,17,0.458754776847308,19
"33",54,40,94,20,74,90,-54,0,20,0.345125537891218,16
"34",49,34,83,17,66,85,-49,0,17,0.345814723961528,19
"35",43,36,79,18,61,79,-43,0,18,0.358554418523527,18
"36",43,34,77,17,60,79,-43,0,17,0.383471127870476,19
"37",61,30,91,15,76,97,-61,0,15,0.469403706966023,21
"38",64,38,102,19,83,100,-64,0,19,0.508883362270046,17
"39",41,30,71,15,56,77,-41,0,15,0.431772707689792,21
"40",44,40,84,20,64,80,-44,0,20,0.282835673966048,16
"41",42,38,80,19,61,78,-42,0,19,0.215584263638566,17
"42",29,38,67,19,48,65,-29,0,19,0.233106834125901,17
"43",51,38,89,19,70,87,-51,0,19,0.282173627759784,17
"44",55,38,93,19,74,91,-55,0,19,0.411156494137646,17
"45",43,34,77,17,60,79,-43,0,17,0.464859447061424,19
"46",56,40,96,20,76,92,-56,0,20,0.500259136270662,16
"47",64,36,100,18,82,100,-64,0,18,0.505405482872892,18
"48",26,38,64,19,45,62,-26,0,19,0.267615238342463,17
"49",46,38,84,19,65,82,-46,0,19,0.507301588186038,17
"50",41,32,73,16,57,77,-41,0,16,0.326985190489719,20
"51",24,40,64,20,44,60,-24,0,20,0.184086165738122,16
"52",51,40,91,20,71,87,-51,0,20,0.425290289282536,16
"53",39,34,73,17,56,75,-39,0,17,0.419239389478245,19
"54",54,32,86,16,70,90,-54,0,16,0.519612691630355,20
"55",42,34,76,17,59,78,-42,0,17,0.366503079325307,19
"56",32,36,68,18,50,68,-32,0,18,0.307959079323071,18
"57",46,38,84,19,65,82,-46,0,19,0.386944345613534,17
"58",30,38,68,19,49,66,-30,0,19,0.301313087735742,17
"59",34,36,70,18,52,70,-34,0,18,0.361783208337451,18
"60",43,38,81,19,62,79,-43,0,19,0.266611355159594,17
"61",44,40,84,20,64,80,-44,0,20,0.401527198731694,16
"62",47,38,85,19,66,83,-47,0,19,0.450553559226589,17
"63",40,36,76,18,58,76,-40,0,18,0.407408046131368,18
"64",52,36,88,18,70,88,-52,0,18,0.357502031955408,18
"65",30,36,66,18,48,66,-30,0,18,0.317604612908683,18
"66",38,36,74,18,56,74,-38,0,18,0.435198946337127,18
"67",43,32,75,16,59,79,-43,0,16,0.496725302374292,20
"68",22,34,56,17,39,58,-22,0,17,0.174957316259303,19
"69",51,38,89,19,70,87,-51,0,19,0.417966831177537,17
"70",53,36,89,18,71,89,-53,0,18,0.320645264426143,18
"71",20,36,56,18,38,56,-20,0,18,0.15243020503919,18
"72",36,40,76,20,56,72,-36,0,20,0.417934435168504,16
"73",51,40,91,20,71,87,-51,0,20,0.45998008791209,16
"74",33,38,71,19,52,69,-33,0,19,0.228678185307789,17
"75",47,38,85,19,66,83,-47,0,19,0.428236152203957,17
"76",40,40,80,20,60,76,-40,0,20,0.2706884083959,16
"77",55,38,93,19,74,91,-55,0,19,0.459016285245465,17
"78",34,36,70,18,52,70,-34,0,18,0.274905827353102,18
"79",51,40,91,20,71,87,-51,0,20,0.398206177695349,16
"80",38,32,70,16,54,74,-38,0,16,0.396088550506367,20
"81",37,36,73,18,55,73,-37,0,18,0.447308311775253,18
"82",30,38,68,19,49,66,-30,0,19,0.268125160740621,17
"83",54,36,90,18,72,90,-54,0,18,0.415453276624741,18
"84",29,40,69,20,49,65,-29,0,20,0.231792606598466,16
"85",40,36,76,18,58,76,-40,0,18,0.391912049640724,18
"86",40,36,76,18,58,76,-40,0,18,0.362664952218588,18
"87",62,34,96,17,79,98,-62,0,17,0.480665130735008,19
"88",36,34,70,17,53,72,-36,0,17,0.421861354846131,19
"89",34,38,72,19,53,70,-34,0,19,0.400012163099945,17
"90",39,36,75,18,57,75,-39,0,18,0.24911999538654,18
"91",35,36,71,18,53,71,-35,0,18,0.347268195540675,18
"92",53,36,89,18,71,89,-53,0,18,0.510487325116706,18
"93",37,36,73,18,55,73,-37,0,18,0.337198088086549,18
"94",28,32,60,16,44,64,-28,0,16,0.156640705363849,20
"95",34,38,72,19,53,70,-34,0,19,0.272408699422723,17
"96",28,32,60,16,44,64,-28,0,16,0.387527032115182,20
"97",39,40,79,20,59,75,-39,0,20,0.410423653824043,16
"98",57,36,93,18,75,93,-57,0,18,0.47682493642277,18
"99",65,36,101,18,83,101,-65,0,18,0.520061917257288,18
"100",36,30,66,15,51,72,-36,0,15,0.327914118411454,21
"101",39,38,77,19,58,75,-39,0,19,0.443110723444643,17
"102",19,36,55,18,37,55,-19,0,18,0.251934773293417,18
"103",53,38,91,19,72,89,-53,0,19,0.446936525908839,17
"104",32,38,70,19,51,68,-32,0,19,0.29031672484936,17
"105",41,40,81,20,61,77,-41,0,20,0.396106231660322,16
"106",42,40,82,20,62,78,-42,0,20,0.302284130481197,16
"107",63,36,99,18,81,99,-63,0,18,0.41395394351699,18
"108",31,36,67,18,49,67,-31,0,18,0.388770999684788,18
"109",41,38,79,19,60,77,-41,0,19,0.470249814041772,17
"110",42,36,78,18,60,78,-42,0,18,0.294691297750921,18
"111",41,36,77,18,59,77,-41,0,18,0.51666410041508,18
"112",39,36,75,18,57,75,-39,0,18,0.40944656036654,18
"113",36,40,76,20,56,72,-36,0,20,0.381334165516712,16
"114",32,38,70,19,51,68,-32,0,19,0.300156853806303,17
"115",35,32,67,16,51,71,-35,0,16,0.356861657245205,20
"116",37,38,75,19,56,73,-37,0,19,0.278069201180307,17
"117",45,38,83,19,64,81,-45,0,19,0.442350819611354,17
"118",46,40,86,20,66,82,-46,0,20,0.356188911038517,16
"119",49,40,89,20,69,85,-49,0,20,0.392828236765711,16
"120",26,32,58,16,42,62,-26,0,16,0.281711769918179,20
"121",34,36,70,18,52,70,-34,0,18,0.27008034048213,18
"122",52,34,86,17,69,88,-52,0,17,0.406348371431174,19
"123",37,36,73,18,55,73,-37,0,18,0.352353263751047,18
"124",24,38,62,19,43,60,-24,0,19,0.204188472023624,17
"125",40,36,76,18,58,76,-40,0,18,0.463791850373746,18
"126",59,40,99,20,79,95,-59,0,20,0.467159322801906,16
"127",29,36,65,18,47,65,-29,0,18,0.211478866009168,18
"128",46,40,86,20,66,82,-46,0,20,0.437936371628578,16
"129",26,36,62,18,44,62,-26,0,18,0.196363012408288,18
"130",22,40,62,20,42,58,-22,0,20,0.220151079552284,16
"131",50,34,84,17,67,86,-50,0,17,0.468424010931797,19
"132",31,38,69,19,50,67,-31,0,19,0.381219103853757,17
"133",42,40,82,20,62,78,-42,0,20,0.293270002072786,16
"134",37,40,77,20,57,73,-37,0,20,0.32373742857681,16
"135",41,36,77,18,59,77,-41,0,18,0.401090658590179,18
"136",29,40,69,20,49,65,-29,0,20,0.33820939732688,16
"137",18,36,54,18,36,54,-18,0,18,0.401362980764228,18
"138",38,38,76,19,57,74,-38,0,19,0.281550306101116,17
"139",26,36,62,18,44,62,-26,0,18,0.206648937303497,18
"140",50,40,90,20,70,86,-50,0,20,0.532599751254407,16
"141",43,38,81,19,62,79,-43,0,19,0.303339997540645,17
"142",41,38,79,19,60,77,-41,0,19,0.484782735063217,17
"143",37,36,73,18,55,73,-37,0,18,0.382510597650391,18
"144",33,36,69,18,51,69,-33,0,18,0.429708915218279,18
"145",33,36,69,18,51,69,-33,0,18,0.393845911974155,18
"146",54,36,90,18,72,90,-54,0,18,0.459454355628314,18
"147",40,36,76,18,58,76,-40,0,18,0.269841236864163,18
"148",53,26,79,13,66,89,-53,0,13,0.511457302659804,23
"149",26,36,62,18,44,62,-26,0,18,0.20998532692749,18
"150",36,40,76,20,56,72,-36,0,20,0.227949425788202,16
"151",34,36,70,18,52,70,-34,0,18,0.288155998365911,18
"152",38,36,74,18,56,74,-38,0,18,0.444067289524269,18
"153",36,40,76,20,56,72,-36,0,20,0.416091022973653,16
"154",29,38,67,19,48,65,-29,0,19,0.303459872740821,17
"155",53,34,87,17,70,89,-53,0,17,0.468938100607104,19
"156",54,36,90,18,72,90,-54,0,18,0.507529676173266,18
"157",30,40,70,20,50,66,-30,0,20,0.314038147819342,16
"158",55,34,89,17,72,91,-55,0,17,0.529514050623995,19
"159",30,34,64,17,47,66,-30,0,17,0.224073558627669,19
"160",15,36,51,18,33,51,-15,0,18,0.218393209036685,18
"161",53,36,89,18,71,89,-53,0,18,0.274444308476254,18
"162",25,40,65,20,45,61,-25,0,20,0.25018139959387,16
"163",53,32,85,16,69,89,-53,0,16,0.44817736804596,20
"164",55,38,93,19,74,91,-55,0,19,0.406671260596191,17
"165",45,40,85,20,65,81,-45,0,20,0.25871509656143,16
"166",31,38,69,19,50,67,-31,0,19,0.321814171851654,17
"167",52,40,92,20,72,88,-52,0,20,0.390824913337833,16
"168",31,34,65,17,48,67,-31,0,17,0.481394853701186,19
"169",39,40,79,20,59,75,-39,0,20,0.303076621027619,16
"170",47,36,83,18,65,83,-47,0,18,0.420316208453693,18
"171",40,38,78,19,59,76,-40,0,19,0.314429680638866,17
"172",52,34,86,17,69,88,-52,0,17,0.272525714179174,19
"173",35,38,73,19,54,71,-35,0,19,0.221667686452479,17
"174",25,36,61,18,43,61,-25,0,18,0.241754286766939,18
"175",23,40,63,20,43,59,-23,0,20,0.250793066222452,16
"176",40,36,76,18,58,76,-40,0,18,0.386106238025074,18
"177",56,38,94,19,75,92,-56,0,19,0.448998590556724,17
"178",26,36,62,18,44,62,-26,0,18,0.426097743308987,18
"179",49,40,89,20,69,85,-49,0,20,0.354235887711812,16
"180",41,28,69,14,55,77,-41,0,14,0.439076794358222,22
"181",17,40,57,20,37,53,-17,0,20,0.189675890482199,16
"182",27,38,65,19,46,63,-27,0,19,0.159871066448928,17
"183",33,38,71,19,52,69,-33,0,19,0.271921598953237,17
"184",58,38,96,19,77,94,-58,0,19,0.473355645971749,17
"185",23,38,61,19,42,59,-23,0,19,0.333370967626834,17
"186",34,38,72,19,53,70,-34,0,19,0.234924316207757,17
"187",60,38,98,19,79,96,-60,0,19,0.545687133484163,17
"188",50,38,88,19,69,86,-50,0,19,0.448492058766039,17
"189",42,34,76,17,59,78,-42,0,17,0.393051229137974,19
"190",50,38,88,19,69,86,-50,0,19,0.456856680545243,17
"191",34,36,70,18,52,70,-34,0,18,0.167110607841385,18
"192",36,36,72,18,54,72,-36,0,18,0.325832863582577,18
"193",40,34,74,17,57,76,-40,0,17,0.427892516166674,19
"194",55,34,89,17,72,91,-55,0,17,0.479828825170693,19
"195",38,38,76,19,57,74,-38,0,19,0.411948732940808,17
"196",40,38,78,19,59,76,-40,0,19,0.353812008940507,17
"197",52,36,88,18,70,88,-52,0,18,0.54828854143134,18
"198",40,38,78,19,59,76,-40,0,19,0.413099074825629,17
"199",56,38,94,19,75,92,-56,0,19,0.529616449852637,17
"200",49,36,85,18,67,85,-49,0,18,0.488253108431928,18
"201",40,32,72,16,56,76,-40,0,16,0.439779921853992,20
"202",32,40,72,20,52,68,-32,0,20,0.297632372310304,16
"203",48,34,82,17,65,84,-48,0,17,0.386372939600962,19
"204",54,38,92,19,73,90,-54,0,19,0.507904311375298,17
"205",42,36,78,18,60,78,-42,0,18,0.454624153788214,18
"206",34,38,72,19,53,70,-34,0,19,0.242105424114741,17
"207",38,36,74,18,56,74,-38,0,18,0.420411292440226,18
"208",54,36,90,18,72,90,-54,0,18,0.34555641803055,18
"209",47,36,83,18,65,83,-47,0,18,0.247396279325622,18
"210",32,36,68,18,50,68,-32,0,18,0.387792967634862,18
"211",48,38,86,19,67,84,-48,0,19,0.483609829616058,17
"212",65,38,103,19,84,101,-65,0,19,0.445915942335336,17
"213",43,36,79,18,61,79,-43,0,18,0.428836787569173,18
"214",62,34,96,17,79,98,-62,0,17,0.512685451574948,19
"215",31,36,67,18,49,67,-31,0,18,0.202499427281512,18
"216",49,38,87,19,68,85,-49,0,19,0.531786866682699,17
"217",35,40,75,20,55,71,-35,0,20,0.406007088725177,16
"218",36,36,72,18,54,72,-36,0,18,0.484666506430191,18
"219",39,34,73,17,56,75,-39,0,17,0.438651268992431,19
"220",57,38,95,19,76,93,-57,0,19,0.425446354632273,17
"221",29,36,65,18,47,65,-29,0,18,0.325469307281423,18
"222",32,36,68,18,50,68,-32,0,18,0.218722392721542,18
"223",49,38,87,19,68,85,-49,0,19,0.452706378747341,17
"224",35,40,75,20,55,71,-35,0,20,0.214261713375283,16
"225",50,36,86,18,68,86,-50,0,18,0.501861518824224,18
"226",40,36,76,18,58,76,-40,0,18,0.282513059898332,18
"227",38,36,74,18,56,74,-38,0,18,0.240369407831495,18
"228",28,36,64,18,46,64,-28,0,18,0.275815441389244,18
"229",28,34,62,17,45,64,-28,0,17,0.354313581222192,19
"230",37,38,75,19,56,73,-37,0,19,0.41580783813967,17
"231",41,34,75,17,58,77,-41,0,17,0.438063807815482,19
"232",42,36,78,18,60,78,-42,0,18,0.448407405925528,18
"233",33,38,71,19,52,69,-33,0,19,0.42787044203485,17
"234",39,38,77,19,58,75,-39,0,19,0.455921639645498,17
"235",35,40,75,20,55,71,-35,0,20,0.421781726593984,16
"236",54,38,92,19,73,90,-54,0,19,0.482008833747589,17
"237",35,38,73,19,54,71,-35,0,19,0.306198493842173,17
"238",18,38,56,19,37,54,-18,0,19,0.169557049904599,17
"239",41,32,73,16,57,77,-41,0,16,0.439261021775021,20
"240",33,38,71,19,52,69,-33,0,19,0.289965343310666,17
"241",34,38,72,19,53,70,-34,0,19,0.374260328637734,17
"242",26,38,64,19,45,62,-26,0,19,0.394786100975504,17
"243",37,36,73,18,55,73,-37,0,18,0.36933692382419,18
"244",32,40,72,20,52,68,-32,0,20,0.213477747078421,16
"245",39,38,77,19,58,75,-39,0,19,0.245997060131874,17
"246",38,40,78,20,58,74,-38,0,20,0.305237753972558,16
"247",60,38,98,19,79,96,-60,0,19,0.508999742777051,17
"248",21,38,59,19,40,57,-21,0,19,0.242318356038241,17
"249",42,38,80,19,61,78,-42,0,19,0.413244072516174,17
"250",39,38,77,19,58,75,-39,0,19,0.513477946813083,17
"251",45,36,81,18,63,81,-45,0,18,0.428777148953315,18
"252",37,36,73,18,55,73,-37,0,18,0.229896440322385,18
"253",63,32,95,16,79,99,-63,0,16,0.508449276011878,20
"254",49,32,81,16,65,85,-49,0,16,0.421174214301607,20
"255",35,40,75,20,55,71,-35,0,20,0.240031711202884,16
"256",43,36,79,18,61,79,-43,0,18,0.393924496065428,18
"257",29,36,65,18,47,65,-29,0,18,0.280284046385509,18
"258",45,34,79,17,62,81,-45,0,17,0.520717679739062,19
"259",56,34,90,17,73,92,-56,0,17,0.512802684378244,19
"260",41,40,81,20,61,77,-41,0,20,0.451233528950866,16
"261",40,40,80,20,60,76,-40,0,20,0.380295808763371,16
"262",52,38,90,19,71,88,-52,0,19,0.478346580589624,17
"263",49,38,87,19,68,85,-49,0,19,0.372716478236424,17
"264",49,38,87,19,68,85,-49,0,19,0.317963645309877,17
"265",44,38,82,19,63,80,-44,0,19,0.418109509670731,17
"266",57,34,91,17,74,93,-57,0,17,0.442898074572731,19
"267",55,36,91,18,73,91,-55,0,18,0.332639738551379,18
"268",48,38,86,19,67,84,-48,0,19,0.344126399248432,17
"269",52,38,90,19,71,88,-52,0,19,0.441491010705794,17
"270",63,36,99,18,81,99,-63,0,18,0.505367725289943,18
"271",38,36,74,18,56,74,-38,0,18,0.442969584729106,18
"272",21,38,59,19,40,57,-21,0,19,0.143769602470111,17
"273",30,36,66,18,48,66,-30,0,18,0.287344255428298,18
"274",53,38,91,19,72,89,-53,0,19,0.490420937357603,17
"275",40,38,78,19,59,76,-40,0,19,0.316192990301026,17
"276",28,38,66,19,47,64,-28,0,19,0.271954325039362,17
"277",30,36,66,18,48,66,-30,0,18,0.255255641813692,18
"278",58,36,94,18,76,94,-58,0,18,0.504516345647158,18
"279",38,40,78,20,58,74,-38,0,20,0.372125087788648,16
"280",21,34,55,17,38,57,-21,0,17,0.204026022587433,19
"281",49,36,85,18,67,85,-49,0,18,0.47458923642029,18
"282",32,40,72,20,52,68,-32,0,20,0.267014584033777,16
"283",39,38,77,19,58,75,-39,0,19,0.458643269937146,17
"284",40,38,78,19,59,76,-40,0,19,0.314377864365065,17
"285",46,36,82,18,64,82,-46,0,18,0.326660354012498,18
"286",32,34,66,17,49,68,-32,0,17,0.338837841800248,19
"287",44,36,80,18,62,80,-44,0,18,0.238397594135419,18
"288",32,40,72,20,52,68,-32,0,20,0.43668416323443,16
"289",55,40,95,20,75,91,-55,0,20,0.449290974448509,16
"290",21,38,59,19,40,57,-21,0,19,0.259994474479511,17
"291",50,34,84,17,67,86,-50,0,17,0.418944246795861,19
"292",24,38,62,19,43,60,-24,0,19,0.208655570827051,17
"293",42,36,78,18,60,78,-42,0,18,0.314773920713678,18
"294",48,40,88,20,68,84,-48,0,20,0.453024790650466,16
"295",45,40,85,20,65,81,-45,0,20,0.382810054002735,16
"296",26,34,60,17,43,62,-26,0,17,0.288810200663318,19
"297",60,32,92,16,76,96,-60,0,16,0.403067785257986,20
"298",40,38,78,19,59,76,-40,0,19,0.454896868333575,17
"299",35,38,73,19,54,71,-35,0,19,0.303930149737079,17
"300",44,40,84,20,64,80,-44,0,20,0.469141243762923,16
"301",52,36,88,18,70,88,-52,0,18,0.424748293236167,18
"302",43,34,77,17,60,79,-43,0,17,0.372853203196351,19
"303",40,34,74,17,57,76,-40,0,17,0.453369473586142,19
"304",32,36,68,18,50,68,-32,0,18,0.280233360195287,18
"305",31,38,69,19,50,67,-31,0,19,0.289016660530113,17
"306",38,38,76,19,57,74,-38,0,19,0.394919552559984,17
"307",50,38,88,19,69,86,-50,0,19,0.556940500706714,17
"308",34,34,68,17,51,70,-34,0,17,0.382548344299258,19
"309",36,40,76,20,56,72,-36,0,20,0.417097438857236,16
"310",37,40,77,20,57,73,-37,0,20,0.297353558143347,16
"311",54,38,92,19,73,90,-54,0,19,0.515028281191184,17
"312",49,36,85,18,67,85,-49,0,18,0.488253108431928,18
"313",30,40,70,20,50,66,-30,0,20,0.451118147293088,16
"314",45,38,83,19,64,81,-45,0,19,0.349143664392176,17
"315",39,34,73,17,56,75,-39,0,17,0.356488499545436,19
"316",25,40,65,20,45,61,-25,0,20,0.384501136222045,16
"317",46,36,82,18,64,82,-46,0,18,0.516676995969577,18
"318",36,40,76,20,56,72,-36,0,20,0.365570484557609,16
"319",28,38,66,19,47,64,-28,0,19,0.232717692160771,17
"320",24,36,60,18,42,60,-24,0,18,0.203333656742813,18
"321",56,38,94,19,75,92,-56,0,19,0.5103897864893,17
"322",43,36,79,18,61,79,-43,0,18,0.39431655834846,18
"323",34,38,72,19,53,70,-34,0,19,0.233185495467658,17
"324",39,34,73,17,56,75,-39,0,17,0.401860205543253,19
"325",32,36,68,18,50,68,-32,0,18,0.355630200535203,18
"326",47,34,81,17,64,83,-47,0,17,0.506026918568578,19
"327",23,34,57,17,40,59,-23,0,17,0.309166921452109,19
"328",39,36,75,18,57,75,-39,0,18,0.451056655652789,18
"329",30,38,68,19,49,66,-30,0,19,0.318586234492369,17
"330",53,40,93,20,73,89,-53,0,20,0.276919173865013,16
"331",38,38,76,19,57,74,-38,0,19,0.428760328307511,17
"332",75,38,113,19,94,111,-75,0,19,0.502671859699707,17
"333",43,40,83,20,63,79,-43,0,20,0.314933025822949,16
"334",48,36,84,18,66,84,-48,0,18,0.337289188367638,18
"335",25,36,61,18,43,61,-25,0,18,0.285756129314689,18
"336",15,40,55,20,35,51,-15,0,20,0.100213264931713,16
"337",36,40,76,20,56,72,-36,0,20,0.270639811869848,16
"338",56,38,94,19,75,92,-56,0,19,0.51944202996366,17
"339",27,38,65,19,46,63,-27,0,19,0.256644721530597,17
"340",30,38,68,19,49,66,-30,0,19,0.255487996104647,17
"341",53,38,91,19,72,89,-53,0,19,0.467726679677456,17
"342",62,38,100,19,81,98,-62,0,19,0.40487814300302,17
"343",46,32,78,16,62,82,-46,0,16,0.348460836076023,20
"344",59,32,91,16,75,95,-59,0,16,0.504910640889054,20
"345",43,38,81,19,62,79,-43,0,19,0.214612812898373,17
"346",42,38,80,19,61,78,-42,0,19,0.506175312348357,17
"347",39,34,73,17,56,75,-39,0,17,0.408234139943642,19
"348",36,34,70,17,53,72,-36,0,17,0.340787936429624,19
"349",40,34,74,17,57,76,-40,0,17,0.330317403966204,19
"350",42,38,80,19,61,78,-42,0,19,0.415503824415893,17
"351",44,36,80,18,62,80,-44,0,18,0.412128688824102,18
"352",43,34,77,17,60,79,-43,0,17,0.427712147259877,19
"353",50,36,86,18,68,86,-50,0,18,0.430865721586609,18
"354",32,38,70,19,51,68,-32,0,19,0.21906040176775,17
"355",37,36,73,18,55,73,-37,0,18,0.382026019384651,18
"356",31,34,65,17,48,67,-31,0,17,0.319899461688775,19
"357",39,36,75,18,57,75,-39,0,18,0.439638276016351,18
"358",44,40,84,20,64,80,-44,0,20,0.346338992048027,16
"359",58,34,92,17,75,94,-58,0,17,0.499127317284905,19
"360",35,38,73,19,54,71,-35,0,19,0.305255229375974,17
"361",43,40,83,20,63,79,-43,0,20,0.418895443490478,16
"362",52,36,88,18,70,88,-52,0,18,0.351904721492851,18
"363",24,36,60,18,42,60,-24,0,18,0.363131755647796,18
"364",57,32,89,16,73,93,-57,0,16,0.521748406572826,20
"365",33,40,73,20,53,69,-33,0,20,0.264073875952232,16
"366",40,38,78,19,59,76,-40,0,19,0.43896512898235,17
"367",33,38,71,19,52,69,-33,0,19,0.321768057206896,17
"368",38,36,74,18,56,74,-38,0,18,0.458216425033968,18
"369",31,38,69,19,50,67,-31,0,19,0.349944791402233,17
"370",45,32,77,16,61,81,-45,0,16,0.414885874005077,20
"371",36,34,70,17,53,72,-36,0,17,0.377978050846223,19
"372",50,38,88,19,69,86,-50,0,19,0.460301000678062,17
"373",51,38,89,19,70,87,-51,0,19,0.437653356020258,17
"374",56,40,96,20,76,92,-56,0,20,0.485149170505496,16
"375",41,34,75,17,58,77,-41,0,17,0.253649602753495,19
"376",35,36,71,18,53,71,-35,0,18,0.244208485549339,18
"377",45,38,83,19,64,81,-45,0,19,0.487006802867363,17
"378",39,36,75,18,57,75,-39,0,18,0.447081938843332,18
"379",47,36,83,18,65,83,-47,0,18,0.366920678454067,18
"380",39,34,73,17,56,75,-39,0,17,0.251230656887686,19
"381",35,40,75,20,55,71,-35,0,20,0.343949173639923,16
"382",33,38,71,19,52,69,-33,0,19,0.380074856973246,17
"383",50,32,82,16,66,86,-50,0,16,0.43023954302912,20
"384",36,36,72,18,54,72,-36,0,18,0.413722801462968,18
"385",43,36,79,18,61,79,-43,0,18,0.37260873755957,18
"386",35,34,69,17,52,71,-35,0,17,0.350956563314054,19
"387",37,36,73,18,55,73,-37,0,18,0.386350783390109,18
"388",49,36,85,18,67,85,-49,0,18,0.353066483797886,18
"389",25,40,65,20,45,61,-25,0,20,0.266208864187445,16
"390",25,38,63,19,44,61,-25,0,19,0.380090526458405,17
"391",37,34,71,17,54,73,-37,0,17,0.459450534866065,19
"392",36,40,76,20,56,72,-36,0,20,0.448239637286719,16
"393",51,36,87,18,69,87,-51,0,18,0.435933893139608,18
"394",34,36,70,18,52,70,-34,0,18,0.371842197265588,18
"395",33,36,69,18,51,69,-33,0,18,0.247878445352726,18
"396",36,38,74,19,55,72,-36,0,19,0.25921875716087,17
"397",27,38,65,19,46,63,-27,0,19,0.238403258358296,17
"398",32,38,70,19,51,68,-32,0,19,0.333917175240623,17
"399",56,36,92,18,74,92,-56,0,18,0.539745352580421,18
"400",39,38,77,19,58,75,-39,0,19,0.234195170533623,17
"401",45,38,83,19,64,81,-45,0,19,0.410440076082388,17
"402",69,38,107,19,88,105,-69,0,19,0.512093267302914,17
"403",35,38,73,19,54,71,-35,0,19,0.213311494060901,17
"404",42,40,82,20,62,78,-42,0,20,0.324483038591973,16
"405",34,36,70,18,52,70,-34,0,18,0.45323353340185,18
"406",53,38,91,19,72,89,-53,0,19,0.394078924190655,17
"407",35,40,75,20,55,71,-35,0,20,0.371036544985091,16
"408",37,36,73,18,55,73,-37,0,18,0.247131974607895,18
"409",48,38,86,19,67,84,-48,0,19,0.382091777823325,17
"410",27,38,65,19,46,63,-27,0,19,0.249366111489288,17
"411",37,40,77,20,57,73,-37,0,20,0.338298265567471,16
"412",40,36,76,18,58,76,-40,0,18,0.361479432932659,18
"413",47,38,85,19,66,83,-47,0,19,0.527706611965763,17
"414",28,40,68,20,48,64,-28,0,20,0.403602236844985,16
"415",32,38,70,19,51,68,-32,0,19,0.293826613313489,17
"416",27,36,63,18,45,63,-27,0,18,0.207911330218314,18
"417",42,32,74,16,58,78,-42,0,16,0.386394093699208,20
"418",36,34,70,17,53,72,-36,0,17,0.306302719077736,19
"419",36,36,72,18,54,72,-36,0,18,0.31834227288323,18
"420",60,34,94,17,77,96,-60,0,17,0.509433781144836,19
"421",33,38,71,19,52,69,-33,0,19,0.415209736935687,17
"422",49,38,87,19,68,85,-49,0,19,0.394057377908913,17
"423",28,40,68,20,48,64,-28,0,20,0.203043571228347,16
"424",50,36,86,18,68,86,-50,0,18,0.452005362424935,18
"425",28,38,66,19,47,64,-28,0,19,0.398278744486742,17
"426",28,38,66,19,47,64,-28,0,19,0.251994625265041,17
"427",43,34,77,17,60,79,-43,0,17,0.350264788930881,19
"428",35,34,69,17,52,71,-35,0,17,0.345216311954778,19
"429",37,40,77,20,57,73,-37,0,20,0.29445329571289,16
"430",83,32,115,16,99,119,-83,0,16,0.505460222318074,20
"431",40,38,78,19,59,76,-40,0,19,0.369713679828561,17
"432",48,36,84,18,66,84,-48,0,18,0.43741076536852,18
"433",23,34,57,17,40,59,-23,0,17,0.252107360663913,19
"434",39,34,73,17,56,75,-39,0,17,0.392397084292264,19
"435",44,36,80,18,62,80,-44,0,18,0.370364828167143,18
"436",36,36,72,18,54,72,-36,0,18,0.291940035604027,18
"437",42,32,74,16,58,78,-42,0,16,0.466436966412043,20
"438",50,38,88,19,69,86,-50,0,19,0.296019598243165,17
"439",40,40,80,20,60,76,-40,0,20,0.223603028877731,16
"440",31,36,67,18,49,67,-31,0,18,0.236657162969438,18
"441",26,38,64,19,45,62,-26,0,19,0.335574301518929,17
"442",48,36,84,18,66,84,-48,0,18,0.414580378931733,18
"443",39,36,75,18,57,75,-39,0,18,0.422231855239703,18
"444",34,34,68,17,51,70,-34,0,17,0.300904605401065,19
"445",36,38,74,19,55,72,-36,0,19,0.319946554434489,17
"446",36,38,74,19,55,72,-36,0,19,0.443242985210292,17
"447",57,40,97,20,77,93,-57,0,20,0.382962927737138,16
"448",56,36,92,18,74,92,-56,0,18,0.503735435605503,18
"449",35,38,73,19,54,71,-35,0,19,0.241726128586539,17
"450",39,34,73,17,56,75,-39,0,17,0.497576288765982,19
"451",51,36,87,18,69,87,-51,0,18,0.496997256420529,18
"452",61,38,99,19,80,97,-61,0,19,0.509343675573188,17
"453",41,36,77,18,59,77,-41,0,18,0.301198589276505,18
"454",32,38,70,19,51,68,-32,0,19,0.457045576782883,17
"455",30,34,64,17,47,66,-30,0,17,0.253129632091938,19
"456",49,36,85,18,67,85,-49,0,18,0.480769569905041,18
"457",23,40,63,20,43,59,-23,0,20,0.339691521152941,16
"458",58,38,96,19,77,94,-58,0,19,0.427810779674036,17
"459",43,34,77,17,60,79,-43,0,17,0.425135085119577,19
"460",31,38,69,19,50,67,-31,0,19,0.392524460849554,17
"461",34,38,72,19,53,70,-34,0,19,0.432737351464292,17
"462",42,38,80,19,61,78,-42,0,19,0.364654842796227,17
"463",48,36,84,18,66,84,-48,0,18,0.449335071622491,18
"464",42,36,78,18,60,78,-42,0,18,0.438758986518343,18
"465",45,30,75,15,60,81,-45,0,15,0.457170534113024,21
"466",36,40,76,20,56,72,-36,0,20,0.22656190613913,16
"467",36,36,72,18,54,72,-36,0,18,0.294906022905729,18
"468",46,38,84,19,65,82,-46,0,19,0.330939727524702,17
"469",43,40,83,20,63,79,-43,0,20,0.4502761710979,16
"470",32,40,72,20,52,68,-32,0,20,0.31290530583259,16
"471",40,40,80,20,60,76,-40,0,20,0.361336501312835,16
"472",35,38,73,19,54,71,-35,0,19,0.252217348982462,17
"473",54,40,94,20,74,90,-54,0,20,0.512603780609242,16
"474",35,36,71,18,53,71,-35,0,18,0.364718587652872,18
"475",42,40,82,20,62,78,-42,0,20,0.497182612270177,16
"476",37,38,75,19,56,73,-37,0,19,0.261143879790813,17
"477",25,36,61,18,43,61,-25,0,18,0.32856311247698,18
"478",40,38,78,19,59,76,-40,0,19,0.394551649491752,17
"479",21,36,57,18,39,57,-21,0,18,0.212823174577427,18
"480",34,40,74,20,54,70,-34,0,20,0.330586067330017,16
"481",55,34,89,17,72,91,-55,0,17,0.516093051315981,19
"482",32,38,70,19,51,68,-32,0,19,0.281869592733513,17
"483",48,38,86,19,67,84,-48,0,19,0.354735074394028,17
"484",33,36,69,18,51,69,-33,0,18,0.339076796497131,18
"485",50,38,88,19,69,86,-50,0,19,0.512735050562095,17
"486",70,30,100,15,85,106,-70,0,15,0.539220100510867,21
"487",56,36,92,18,74,92,-56,0,18,0.438355953668609,18
"488",64,40,104,20,84,100,-64,0,20,0.372008787889157,16
"489",34,40,74,20,54,70,-34,0,20,0.377587582700494,16
"490",51,34,85,17,68,87,-51,0,17,0.437892569544007,19
"491",34,36,70,18,52,70,-34,0,18,0.3597795643396,18
"492",29,40,69,20,49,65,-29,0,20,0.362767622067534,16
"493",33,38,71,19,52,69,-33,0,19,0.217685650665988,17
"494",48,38,86,19,67,84,-48,0,19,0.474100026101187,17
"495",43,38,81,19,62,79,-43,0,19,0.376156731032597,17
"496",22,36,58,18,40,58,-22,0,18,0.319741451682723,18
"497",31,36,67,18,49,67,-31,0,18,0.313319411696865,18
"498",36,40,76,20,56,72,-36,0,20,0.402420850260477,16
"499",45,30,75,15,60,81,-45,0,15,0.449449870483408,21
"500",47,38,85,19,66,83,-47,0,19,0.389001977542396,17
"501",36,40,76,20,56,72,-36,0,20,0.258165145052277,16
"502",53,40,93,20,73,89,-53,0,20,0.425457788352552,16
"503",54,38,92,19,73,90,-54,0,19,0.529546791714182,17
"504",38,36,74,18,56,74,-38,0,18,0.409050446914263,18
"505",29,38,67,19,48,65,-29,0,19,0.362796016886368,17
"506",49,38,87,19,68,85,-49,0,19,0.492123452327854,17
"507",54,34,88,17,71,90,-54,0,17,0.515137907740389,19
"508",45,36,81,18,63,81,-45,0,18,0.474577490156283,18
"509",50,40,90,20,70,86,-50,0,20,0.427429537681495,16
"510",42,36,78,18,60,78,-42,0,18,0.301160647364327,18
"511",32,38,70,19,51,68,-32,0,19,0.33282413391007,17
"512",37,38,75,19,56,73,-37,0,19,0.421728677454667,17
"513",48,36,84,18,66,84,-48,0,18,0.473314645977736,18
"514",43,40,83,20,63,79,-43,0,20,0.520717237383108,16
"515",44,34,78,17,61,80,-44,0,17,0.388993227011113,19
"516",36,38,74,19,55,72,-36,0,19,0.240080576460024,17
"517",39,32,71,16,55,75,-39,0,16,0.393921000820954,20
"518",36,38,74,19,55,72,-36,0,19,0.275705985799691,17
"519",39,36,75,18,57,75,-39,0,18,0.374045919268703,18
"520",33,40,73,20,53,69,-33,0,20,0.379152490765576,16
"521",22,40,62,20,42,58,-22,0,20,0.333309087123611,16
"522",52,36,88,18,70,88,-52,0,18,0.43928973233977,18
"523",34,38,72,19,53,70,-34,0,19,0.250838829489348,17
"524",40,36,76,18,58,76,-40,0,18,0.368574156911843,18
"525",37,34,71,17,54,73,-37,0,17,0.229482214510894,19
"526",62,40,102,20,82,98,-62,0,20,0.427217708096357,16
"527",20,40,60,20,40,56,-20,0,20,0.377089624169661,16
"528",31,38,69,19,50,67,-31,0,19,0.404153594424661,17
"529",37,40,77,20,57,73,-37,0,20,0.385144046920546,16
"530",64,38,102,19,83,100,-64,0,19,0.531386848298653,17
"531",58,34,92,17,75,94,-58,0,17,0.504719702914811,19
"532",30,34,64,17,47,66,-30,0,17,0.316852054811783,19
"533",34,36,70,18,52,70,-34,0,18,0.23834837935531,18
"534",44,36,80,18,62,80,-44,0,18,0.51165715916299,18
"535",47,38,85,19,66,83,-47,0,19,0.468478951644067,17
"536",36,36,72,18,54,72,-36,0,18,0.299769953820436,18
"537",43,40,83,20,63,79,-43,0,20,0.366736984362664,16
"538",30,36,66,18,48,66,-30,0,18,0.41943470268478,18
"539",31,36,67,18,49,67,-31,0,18,0.319936434548716,18
"540",42,36,78,18,60,78,-42,0,18,0.434678535442282,18
"541",60,34,94,17,77,96,-60,0,17,0.511764573964365,19
"542",37,36,73,18,55,73,-37,0,18,0.251864399457023,18
"543",43,40,83,20,63,79,-43,0,20,0.269180221130134,16
"544",44,40,84,20,64,80,-44,0,20,0.30802492397448,16
"545",30,38,68,19,49,66,-30,0,19,0.242039833741984,17
"546",34,40,74,20,54,70,-34,0,20,0.172944046070293,16
"547",49,34,83,17,66,85,-49,0,17,0.463893131534043,19
"548",53,36,89,18,71,89,-53,0,18,0.394765065080953,18
"549",63,38,101,19,82,99,-63,0,19,0.463058039251206,17
"550",38,38,76,19,57,74,-38,0,19,0.385773508183423,17
"551",32,40,72,20,52,68,-32,0,20,0.195812429341043,16
"552",38,38,76,19,57,74,-38,0,19,0.454158032770336,17
"553",41,40,81,20,61,77,-41,0,20,0.343130399592658,16
"554",41,36,77,18,59,77,-41,0,18,0.309074784054929,18
"555",37,38,75,19,56,73,-37,0,19,0.287568782744224,17
"556",29,38,67,19,48,65,-29,0,19,0.331683283970014,17
"557",50,34,84,17,67,86,-50,0,17,0.400530782571652,19
"558",58,38,96,19,77,94,-58,0,19,0.464181367057169,17
"559",61,36,97,18,79,97,-61,0,18,0.48009892597256,18
"560",59,40,99,20,79,95,-59,0,20,0.463196468090903,16
"561",28,36,64,18,46,64,-28,0,18,0.233636068937667,18
"562",42,40,82,20,62,78,-42,0,20,0.413084522896569,16
"563",50,36,86,18,68,86,-50,0,18,0.49117868488278,18
"564",24,34,58,17,41,60,-24,0,17,0.411681149938598,19
"565",26,34,60,17,43,62,-26,0,17,0.269362222610607,19
"566",38,36,74,18,56,74,-38,0,18,0.276904311923255,18
"567",36,32,68,16,52,72,-36,0,16,0.27624589493423,20
"568",26,38,64,19,45,62,-26,0,19,0.232339747548686,17
"569",27,38,65,19,46,63,-27,0,19,0.394424263740785,17
"570",64,28,92,14,78,100,-64,0,14,0.441813882526541,22
"571",48,34,82,17,65,84,-48,0,17,0.360940688924824,19
"572",43,34,77,17,60,79,-43,0,17,0.477065563704504,19
"573",39,38,77,19,58,75,-39,0,19,0.307681065383274,17
"574",30,34,64,17,47,66,-30,0,17,0.219686254107168,19
"575",23,38,61,19,42,59,-23,0,19,0.366081012916349,17
"576",34,36,70,18,52,70,-34,0,18,0.431458821222499,18
"577",48,34,82,17,65,84,-48,0,17,0.356881109062686,19
"578",42,36,78,18,60,78,-42,0,18,0.4885473405529,18
"579",60,34,94,17,77,96,-60,0,17,0.418333882929811,19
"580",61,36,97,18,79,97,-61,0,18,0.480525679653449,18
"581",34,38,72,19,53,70,-34,0,19,0.180664623111581,17
"582",44,36,80,18,62,80,-44,0,18,0.354993414835878,18
"583",40,38,78,19,59,76,-40,0,19,0.249294862632408,17
"584",35,34,69,17,52,71,-35,0,17,0.215381587340429,19
"585",39,40,79,20,59,75,-39,0,20,0.431382950440453,16
"586",34,36,70,18,52,70,-34,0,18,0.25679118086399,18
"587",30,38,68,19,49,66,-30,0,19,0.14174215271646,17
"588",41,34,75,17,58,77,-41,0,17,0.413032193706975,19
"589",46,36,82,18,64,82,-46,0,18,0.466268780965911,18
"590",51,36,87,18,69,87,-51,0,18,0.385068290947048,18
"591",47,36,83,18,65,83,-47,0,18,0.415130291170549,18
"592",53,38,91,19,72,89,-53,0,19,0.459928097969898,17
"593",47,40,87,20,67,83,-47,0,20,0.348976984214124,16
"594",43,34,77,17,60,79,-43,0,17,0.302768832309241,19
"595",21,40,61,20,41,57,-21,0,20,0.179134693864232,16
"596",43,38,81,19,62,79,-43,0,19,0.413613042580508,17
"597",35,38,73,19,54,71,-35,0,19,0.320881240177494,17
"598",30,38,68,19,49,66,-30,0,19,0.136788771658245,17
"599",48,34,82,17,65,84,-48,0,17,0.49862902526942,19
"600",35,36,71,18,53,71,-35,0,18,0.29588507425747,18
"601",49,36,85,18,67,85,-49,0,18,0.48869502504036,18
"602",27,40,67,20,47,63,-27,0,20,0.246152013019326,16
"603",34,36,70,18,52,70,-34,0,18,0.401862147247393,18
"604",59,40,99,20,79,95,-59,0,20,0.535009035940379,16
"605",26,38,64,19,45,62,-26,0,19,0.268641500610416,17
"606",50,34,84,17,67,86,-50,0,17,0.382795301722889,19
"607",53,36,89,18,71,89,-53,0,18,0.394234067674462,18
"608",31,34,65,17,48,67,-31,0,17,0.394137350048131,19
"609",40,36,76,18,58,76,-40,0,18,0.387047873093094,18
"610",49,34,83,17,66,85,-49,0,17,0.501836843291691,19
"611",46,36,82,18,64,82,-46,0,18,0.429444582317748,18
"612",29,38,67,19,48,65,-29,0,19,0.228384684368409,17
"613",42,38,80,19,61,78,-42,0,19,0.42763243264656,17
"614",44,38,82,19,63,80,-44,0,19,0.376494867160843,17
"615",45,38,83,19,64,81,-45,0,19,0.388446599267972,17
"616",37,40,77,20,57,73,-37,0,20,0.412434371905239,16
"617",23,34,57,17,40,59,-23,0,17,0.131202974749194,19
"618",28,34,62,17,45,64,-28,0,17,0.327346314078829,19
"619",30,32,62,16,46,66,-30,0,16,0.407127480679278,20
"620",43,36,79,18,61,79,-43,0,18,0.461871063112143,18
"621",55,36,91,18,73,91,-55,0,18,0.421183852469124,18
"622",36,40,76,20,56,72,-36,0,20,0.451661924199543,16
"623",48,38,86,19,67,84,-48,0,19,0.429689570668378,17
"624",34,36,70,18,52,70,-34,0,18,0.449473627889231,18
"625",20,32,52,16,36,56,-20,0,16,0.378710286728963,20
"626",43,38,81,19,62,79,-43,0,19,0.496069938258337,17
"627",29,40,69,20,49,65,-29,0,20,0.208349776619889,16
"628",42,34,76,17,59,78,-42,0,17,0.366947172790988,19
"629",58,38,96,19,77,94,-58,0,19,0.553992261465257,17
"630",39,38,77,19,58,75,-39,0,19,0.46387949453095,17
"631",34,38,72,19,53,70,-34,0,19,0.337581782745317,17
"632",28,38,66,19,47,64,-28,0,19,0.302627458282357,17
"633",44,34,78,17,61,80,-44,0,17,0.365265389257083,19
"634",41,36,77,18,59,77,-41,0,18,0.390723680858858,18
"635",43,36,79,18,61,79,-43,0,18,0.40833746407982,18
"636",49,36,85,18,67,85,-49,0,18,0.39688253780714,18
"637",52,38,90,19,71,88,-52,0,19,0.450030214084083,17
"638",43,38,81,19,62,79,-43,0,19,0.340665424797384,17
"639",57,40,97,20,77,93,-57,0,20,0.380457614547675,16
"640",16,38,54,19,35,52,-16,0,19,0.152867424650152,17
"641",59,40,99,20,79,95,-59,0,20,0.498688811205584,16
"642",58,38,96,19,77,94,-58,0,19,0.525717494188967,17
"643",38,36,74,18,56,74,-38,0,18,0.343286192321041,18
"644",58,38,96,19,77,94,-58,0,19,0.506783085264757,17
"645",56,32,88,16,72,92,-56,0,16,0.465599617335731,20
"646",30,38,68,19,49,66,-30,0,19,0.310290584777838,17
"647",61,34,95,17,78,97,-61,0,17,0.491967981317413,19
"648",36,38,74,19,55,72,-36,0,19,0.365769479470383,17
"649",38,40,78,20,58,74,-38,0,20,0.353975084013617,16
"650",48,38,86,19,67,84,-48,0,19,0.507809275989049,17
"651",25,38,63,19,44,61,-25,0,19,0.252755967628928,17
"652",32,34,66,17,49,68,-32,0,17,0.220941326718231,19
"653",71,36,107,18,89,107,-71,0,18,0.52476372219764,18
"654",29,40,69,20,49,65,-29,0,20,0.199794377715472,16
"655",30,36,66,18,48,66,-30,0,18,0.206900075299808,18
"656",43,36,79,18,61,79,-43,0,18,0.425243928832066,18
"657",34,36,70,18,52,70,-34,0,18,0.281747388722918,18
"658",40,38,78,19,59,76,-40,0,19,0.445113076751758,17
"659",36,40,76,20,56,72,-36,0,20,0.33862119577418,16
"660",39,40,79,20,59,75,-39,0,20,0.402343854567086,16
"661",37,40,77,20,57,73,-37,0,20,0.39937300949507,16
"662",18,40,58,20,38,54,-18,0,20,0.270584346700763,16
"663",62,34,96,17,79,98,-62,0,17,0.545366892012562,19
"664",30,38,68,19,49,66,-30,0,19,0.235546526980147,17
"665",42,38,80,19,61,78,-42,0,19,0.438946846625791,17
"666",33,40,73,20,53,69,-33,0,20,0.235570431885022,16
"667",23,36,59,18,41,59,-23,0,18,0.310705204667026,18
"668",37,32,69,16,53,73,-37,0,16,0.238690498627053,20
"669",43,36,79,18,61,79,-43,0,18,0.43721488335687,18
"670",47,36,83,18,65,83,-47,0,18,0.376523890027843,18
"671",56,36,92,18,74,92,-56,0,18,0.506620778952712,18
"672",38,38,76,19,57,74,-38,0,19,0.399908637235463,17
"673",40,36,76,18,58,76,-40,0,18,0.288811716076684,18
"674",54,34,88,17,71,90,-54,0,17,0.462051471307561,19
"675",33,38,71,19,52,69,-33,0,19,0.198074119561875,17
"676",31,36,67,18,49,67,-31,0,18,0.230423123230974,18
"677",46,28,74,14,60,82,-46,0,14,0.371578459287529,22
"678",39,40,79,20,59,75,-39,0,20,0.335884142851126,16
"679",36,36,72,18,54,72,-36,0,18,0.455406498558729,18
"680",43,34,77,17,60,79,-43,0,17,0.377829888995691,19
"681",60,40,100,20,80,96,-60,0,20,0.543409697260392,16
"682",39,40,79,20,59,75,-39,0,20,0.342261199750254,16
"683",55,32,87,16,71,91,-55,0,16,0.467414542165781,20
"684",25,40,65,20,45,61,-25,0,20,0.348286472475285,16
"685",32,40,72,20,52,68,-32,0,20,0.332705578673856,16
"686",23,40,63,20,43,59,-23,0,20,0.243997397782773,16
"687",28,38,66,19,47,64,-28,0,19,0.3021680105039,17
"688",25,32,57,16,41,61,-25,0,16,0.367179467783767,20
"689",25,40,65,20,45,61,-25,0,20,0.179474929414475,16
"690",33,38,71,19,52,69,-33,0,19,0.403017378064006,17
"691",34,34,68,17,51,70,-34,0,17,0.348796169743877,19
"692",25,34,59,17,42,61,-25,0,17,0.215879696004577,19
"693",28,36,64,18,46,64,-28,0,18,0.225303094702237,18
"694",36,38,74,19,55,72,-36,0,19,0.371999912546292,17
"695",49,38,87,19,68,85,-49,0,19,0.370247101790643,17
"696",38,36,74,18,56,74,-38,0,18,0.367370438448134,18
"697",50,40,90,20,70,86,-50,0,20,0.341537875669863,16
"698",24,38,62,19,43,60,-24,0,19,0.41555145968543,17
"699",29,32,61,16,45,65,-29,0,16,0.424101006918945,20
"700",61,38,99,19,80,97,-61,0,19,0.521049353011936,17
"701",32,36,68,18,50,68,-32,0,18,0.33038268318111,18
"702",36,36,72,18,54,72,-36,0,18,0.368701916446025,18
"703",46,40,86,20,66,82,-46,0,20,0.328056606116167,16
"704",40,40,80,20,60,76,-40,0,20,0.37719809158562,16
"705",52,38,90,19,71,88,-52,0,19,0.478761580256985,17
"706",40,38,78,19,59,76,-40,0,19,0.453645371719219,17
"707",38,40,78,20,58,74,-38,0,20,0.422262414579815,16
"708",20,38,58,19,39,56,-20,0,19,0.311518094504887,17
"709",29,36,65,18,47,65,-29,0,18,0.212175812794277,18
"710",27,34,61,17,44,63,-27,0,17,0.310775388906103,19
"711",47,32,79,16,63,83,-47,0,16,0.447659456780569,20
"712",54,38,92,19,73,90,-54,0,19,0.44523106702316,17
"713",29,38,67,19,48,65,-29,0,19,0.203058254595593,17
"714",42,32,74,16,58,78,-42,0,16,0.368959770518651,20
"715",54,38,92,19,73,90,-54,0,19,0.397947383011256,17
"716",34,34,68,17,51,70,-34,0,17,0.315819490781603,19
"717",34,40,74,20,54,70,-34,0,20,0.191994553208781,16
"718",42,40,82,20,62,78,-42,0,20,0.496516955474203,16
"719",45,32,77,16,61,81,-45,0,16,0.414401789723803,20
"720",28,40,68,20,48,64,-28,0,20,0.295788257009958,16
"721",42,34,76,17,59,78,-42,0,17,0.397093709523124,19
"722",39,34,73,17,56,75,-39,0,17,0.366067510046,19
"723",40,36,76,18,58,76,-40,0,18,0.427355736758029,18
"724",39,32,71,16,55,75,-39,0,16,0.336730785426288,20
"725",38,38,76,19,57,74,-38,0,19,0.333828576393759,17
"726",48,36,84,18,66,84,-48,0,18,0.371436743652537,18
"727",40,38,78,19,59,76,-40,0,19,0.44680718878659,17
"728",45,36,81,18,63,81,-45,0,18,0.365126505932934,18
"729",45,38,83,19,64,81,-45,0,19,0.414358724433411,17
"730",47,32,79,16,63,83,-47,0,16,0.410738700047251,20
"731",32,38,70,19,51,68,-32,0,19,0.195734220022025,17
"732",43,36,79,18,61,79,-43,0,18,0.32331769187478,18
"733",51,36,87,18,69,87,-51,0,18,0.551014046035767,18
"734",39,36,75,18,57,75,-39,0,18,0.348273364573975,18
"735",30,40,70,20,50,66,-30,0,20,0.27010652324947,16
"736",31,40,71,20,51,67,-31,0,20,0.258292901759711,16
"737",22,36,58,18,40,58,-22,0,18,0.247040240896476,18
"738",38,36,74,18,56,74,-38,0,18,0.339528086606633,18
"739",16,40,56,20,36,52,-16,0,20,0.210914559039155,16
"740",24,38,62,19,43,60,-24,0,19,0.307106274967051,17
"741",38,40,78,20,58,74,-38,0,20,0.399961035585411,16
"742",48,34,82,17,65,84,-48,0,17,0.502008227010488,19
"743",30,38,68,19,49,66,-30,0,19,0.222938991334154,17
"744",47,38,85,19,66,83,-47,0,19,0.32600955695127,17
"745",38,38,76,19,57,74,-38,0,19,0.395128285425447,17
"746",42,38,80,19,61,78,-42,0,19,0.317082105602617,17
"747",37,36,73,18,55,73,-37,0,18,0.262126407979366,18
"748",41,38,79,19,60,77,-41,0,19,0.407063178524029,17
"749",38,36,74,18,56,74,-38,0,18,0.393245020177539,18
"750",38,38,76,19,57,74,-38,0,19,0.423434214165542,17
"751",40,38,78,19,59,76,-40,0,19,0.30140581502531,17
"752",40,38,78,19,59,76,-40,0,19,0.406268376186285,17
"753",32,40,72,20,52,68,-32,0,20,0.317651954202136,16
"754",39,40,79,20,59,75,-39,0,20,0.313478996281492,16
"755",20,40,60,20,40,56,-20,0,20,0.169548788545918,16
"756",45,38,83,19,64,81,-45,0,19,0.289301818867562,17
"757",40,38,78,19,59,76,-40,0,19,0.275779711600009,17
"758",29,40,69,20,49,65,-29,0,20,0.463321811365581,16
"759",46,38,84,19,65,82,-46,0,19,0.434052106270513,17
"760",46,38,84,19,65,82,-46,0,19,0.377401145198185,17
"761",54,40,94,20,74,90,-54,0,20,0.448885228518116,16
"762",57,36,93,18,75,93,-57,0,18,0.520663874860664,18
"763",37,38,75,19,56,73,-37,0,19,0.398202327815755,17
"764",42,34,76,17,59,78,-42,0,17,0.407939458985228,19
"765",44,38,82,19,63,80,-44,0,19,0.502020362350302,17
"766",38,36,74,18,56,74,-38,0,18,0.275278616893124,18
"767",39,36,75,18,57,75,-39,0,18,0.314078712569113,18
"768",27,40,67,20,47,63,-27,0,20,0.278211088377221,16
"769",35,32,67,16,51,71,-35,0,16,0.399949986205794,20
"770",59,38,97,19,78,95,-59,0,19,0.428870665979424,17
"771",60,38,98,19,79,96,-60,0,19,0.519455580432729,17
"772",28,36,64,18,46,64,-28,0,18,0.375058208825571,18
"773",35,36,71,18,53,71,-35,0,18,0.236149949515783,18
"774",27,36,63,18,45,63,-27,0,18,0.318179552009463,18
"775",46,38,84,19,65,82,-46,0,19,0.446048207577914,17
"776",40,32,72,16,56,76,-40,0,16,0.45028595105007,20
"777",26,38,64,19,45,62,-26,0,19,0.303318591794382,17
"778",37,38,75,19,56,73,-37,0,19,0.412236599973253,17
"779",59,38,97,19,78,95,-59,0,19,0.305318252869887,17
"780",39,40,79,20,59,75,-39,0,20,0.271703096705641,16
"781",33,34,67,17,50,69,-33,0,17,0.357379211546726,19
"782",41,32,73,16,57,77,-41,0,16,0.282097424927905,20
"783",43,38,81,19,62,79,-43,0,19,0.480249943260938,17
"784",57,36,93,18,75,93,-57,0,18,0.536750789904765,18
"785",30,40,70,20,50,66,-30,0,20,0.184531619293888,16
"786",20,36,56,18,38,56,-20,0,18,0.251082563043591,18
"787",41,36,77,18,59,77,-41,0,18,0.283564198675931,18
"788",30,32,62,16,46,66,-30,0,16,0.346489121922565,20
"789",58,34,92,17,75,94,-58,0,17,0.503430334464684,19
"790",41,36,77,18,59,77,-41,0,18,0.41826100650829,18
"791",42,36,78,18,60,78,-42,0,18,0.33621755121197,18
"792",39,36,75,18,57,75,-39,0,18,0.349837023550549,18
"793",30,34,64,17,47,66,-30,0,17,0.167239317211122,19
"794",51,38,89,19,70,87,-51,0,19,0.322905827701334,17
"795",55,36,91,18,73,91,-55,0,18,0.445080588219022,18
"796",32,32,64,16,48,68,-32,0,16,0.338321078907474,20
"797",29,40,69,20,49,65,-29,0,20,0.320658455943968,16
"798",40,34,74,17,57,76,-40,0,17,0.485171568593625,19
"799",40,40,80,20,60,76,-40,0,20,0.275895625743556,16
"800",27,40,67,20,47,63,-27,0,20,0.346543067510315,16
"801",27,40,67,20,47,63,-27,0,20,0.177561427714939,16
"802",32,38,70,19,51,68,-32,0,19,0.273600010836807,17
"803",51,38,89,19,70,87,-51,0,19,0.363403226761909,17
"804",42,36,78,18,60,78,-42,0,18,0.423191702230346,18
"805",43,36,79,18,61,79,-43,0,18,0.301597696285761,18
"806",37,40,77,20,57,73,-37,0,20,0.358367244352508,16
"807",44,34,78,17,61,80,-44,0,17,0.341757958743053,19
"808",49,40,89,20,69,85,-49,0,20,0.517678451168183,16
"809",44,36,80,18,62,80,-44,0,18,0.432318920012146,18
"810",56,40,96,20,76,92,-56,0,20,0.510156967021109,16
"811",50,40,90,20,70,86,-50,0,20,0.377291163044254,16
"812",36,36,72,18,54,72,-36,0,18,0.341787561680054,18
"813",37,38,75,19,56,73,-37,0,19,0.386775195646743,17
"814",40,38,78,19,59,76,-40,0,19,0.333883389633617,17
"815",38,40,78,20,58,74,-38,0,20,0.288467402093678,16
"816",53,36,89,18,71,89,-53,0,18,0.410100388071998,18
"817",37,30,67,15,52,73,-37,0,15,0.202062244330274,21
"818",53,36,89,18,71,89,-53,0,18,0.384852749932989,18
"819",38,38,76,19,57,74,-38,0,19,0.332498073636776,17
"820",42,38,80,19,61,78,-42,0,19,0.370993878681449,17
"821",38,38,76,19,57,74,-38,0,19,0.406464541763568,17
"822",25,40,65,20,45,61,-25,0,20,0.241944305239102,16
"823",35,36,71,18,53,71,-35,0,18,0.283132987986345,18
"824",44,36,80,18,62,80,-44,0,18,0.529375713433403,18
"825",47,36,83,18,65,83,-47,0,18,0.368849665827254,18
"826",49,38,87,19,68,85,-49,0,19,0.481012223784284,17
"827",31,38,69,19,50,67,-31,0,19,0.309485924207299,17
"828",72,40,112,20,92,108,-72,0,20,0.544684206937819,16
"829",30,38,68,19,49,66,-30,0,19,0.317304557223325,17
"830",38,36,74,18,56,74,-38,0,18,0.424963977764102,18
"831",46,36,82,18,64,82,-46,0,18,0.33176307491354,18
"832",44,38,82,19,63,80,-44,0,19,0.410472696425511,17
"833",42,38,80,19,61,78,-42,0,19,0.392279320367263,17
"834",47,38,85,19,66,83,-47,0,19,0.464426444154986,17
"835",41,36,77,18,59,77,-41,0,18,0.39904910720972,18
"836",27,36,63,18,45,63,-27,0,18,0.307053876335169,18
"837",39,34,73,17,56,75,-39,0,17,0.344011633367574,19
"838",38,36,74,18,56,74,-38,0,18,0.262992555910386,18
"839",45,38,83,19,64,81,-45,0,19,0.443768225876606,17
"840",28,40,68,20,48,64,-28,0,20,0.409623477858266,16
"841",37,40,77,20,57,73,-37,0,20,0.284662655891324,16
"842",33,38,71,19,52,69,-33,0,19,0.260044493124794,17
"843",37,38,75,19,56,73,-37,0,19,0.377748272226957,17
"844",44,32,76,16,60,80,-44,0,16,0.431074042117929,20
"845",38,38,76,19,57,74,-38,0,19,0.367068013653735,17
"846",51,38,89,19,70,87,-51,0,19,0.417587667627663,17
"847",45,32,77,16,61,81,-45,0,16,0.475531538159842,20
"848",42,36,78,18,60,78,-42,0,18,0.335925502776133,18
"849",36,38,74,19,55,72,-36,0,19,0.22924324918996,17
"850",41,38,79,19,60,77,-41,0,19,0.271391439308329,17
"851",57,28,85,14,71,93,-57,0,14,0.512104177007042,22
"852",38,36,74,18,56,74,-38,0,18,0.350205853181108,18
"853",20,40,60,20,40,56,-20,0,20,0.100202714974228,16
"854",37,34,71,17,54,73,-37,0,17,0.362324134273822,19
"855",52,36,88,18,70,88,-52,0,18,0.396743527480519,18
"856",36,36,72,18,54,72,-36,0,18,0.294827243950741,18
"857",35,36,71,18,53,71,-35,0,18,0.242699285121473,18
"858",46,40,86,20,66,82,-46,0,20,0.364997450029406,16
"859",39,36,75,18,57,75,-39,0,18,0.465832580744995,18
"860",45,38,83,19,64,81,-45,0,19,0.470476408122789,17
"861",48,36,84,18,66,84,-48,0,18,0.384476535333888,18
"862",28,40,68,20,48,64,-28,0,20,0.320288515077271,16
"863",29,38,67,19,48,65,-29,0,19,0.415877671055178,17
"864",38,38,76,19,57,74,-38,0,19,0.377860735144752,17
"865",42,40,82,20,62,78,-42,0,20,0.409747574962396,16
"866",61,38,99,19,80,97,-61,0,19,0.509204530267588,17
"867",41,40,81,20,61,77,-41,0,20,0.439575213196013,16
"868",28,40,68,20,48,64,-28,0,20,0.336235531415916,16
"869",35,36,71,18,53,71,-35,0,18,0.401152954086685,18
"870",30,40,70,20,50,66,-30,0,20,0.235867587745141,16
"871",27,34,61,17,44,63,-27,0,17,0.33581626338479,19
"872",21,36,57,18,39,57,-21,0,18,0.206203586268045,18
"873",39,40,79,20,59,75,-39,0,20,0.426408007815445,16
"874",30,40,70,20,50,66,-30,0,20,0.420946951335564,16
"875",38,40,78,20,58,74,-38,0,20,0.284362488092691,16
"876",47,38,85,19,66,83,-47,0,19,0.311995160884121,17
"877",40,36,76,18,58,76,-40,0,18,0.265338683838074,18
"878",51,40,91,20,71,87,-51,0,20,0.275840593031415,16
"879",50,32,82,16,66,86,-50,0,16,0.332332704087022,20
"880",48,34,82,17,65,84,-48,0,17,0.491185396427412,19
"881",25,34,59,17,42,61,-25,0,17,0.220414354846905,19
"882",20,40,60,20,40,56,-20,0,20,0.184379348200242,16
"883",44,38,82,19,63,80,-44,0,19,0.489338229979157,17
"884",51,36,87,18,69,87,-51,0,18,0.46536757186868,18
"885",65,38,103,19,84,101,-65,0,19,0.49652882274708,17
"886",42,36,78,18,60,78,-42,0,18,0.251629979758286,18
"887",47,38,85,19,66,83,-47,0,19,0.405684406622836,17
"888",36,36,72,18,54,72,-36,0,18,0.364209528268277,18
"889",33,36,69,18,51,69,-33,0,18,0.370857271549746,18
"890",34,38,72,19,53,70,-34,0,19,0.30792607176996,17
"891",44,36,80,18,62,80,-44,0,18,0.35091892064181,18
"892",58,38,96,19,77,94,-58,0,19,0.380858938357291,17
"893",23,36,59,18,41,59,-23,0,18,0.323324621933014,18
"894",63,34,97,17,80,99,-63,0,17,0.497641730978107,19
"895",42,40,82,20,62,78,-42,0,20,0.347573251684331,16
"896",43,34,77,17,60,79,-43,0,17,0.440763556823022,19
"897",30,40,70,20,50,66,-30,0,20,0.290105202258704,16
"898",45,38,83,19,64,81,-45,0,19,0.396959358938783,17
"899",38,36,74,18,56,74,-38,0,18,0.34971721366409,18
"900",39,40,79,20,59,75,-39,0,20,0.37845316975141,16
"901",21,36,57,18,39,57,-21,0,18,0.280442549135436,18
"902",40,36,76,18,58,76,-40,0,18,0.255040035673347,18
"903",42,34,76,17,59,78,-42,0,17,0.341146592357265,19
"904",39,34,73,17,56,75,-39,0,17,0.368309426448401,19
"905",36,38,74,19,55,72,-36,0,19,0.336361906343926,17
"906",36,38,74,19,55,72,-36,0,19,0.361867506427034,17
"907",30,34,64,17,47,66,-30,0,17,0.230475884438414,19
"908",37,38,75,19,56,73,-37,0,19,0.399216050028758,17
"909",42,36,78,18,60,78,-42,0,18,0.449533501026703,18
"910",33,34,67,17,50,69,-33,0,17,0.426340331015857,19
"911",23,36,59,18,41,59,-23,0,18,0.390305705497739,18
"912",63,38,101,19,82,99,-63,0,19,0.534951516657075,17
"913",33,34,67,17,50,69,-33,0,17,0.239461192432723,19
"914",37,38,75,19,56,73,-37,0,19,0.413080098065338,17
"915",52,40,92,20,72,88,-52,0,20,0.511263634768802,16
"916",46,34,80,17,63,82,-46,0,17,0.40046011837229,19
"917",26,36,62,18,44,62,-26,0,18,0.207877457522476,18
"918",41,34,75,17,58,77,-41,0,17,0.284488182030289,19
"919",46,36,82,18,64,82,-46,0,18,0.444553954471175,18
"920",54,36,90,18,72,90,-54,0,18,0.294794718328723,18
"921",52,34,86,17,69,88,-52,0,17,0.499640729324508,19
"922",47,38,85,19,66,83,-47,0,19,0.35141974228985,17
"923",48,38,86,19,67,84,-48,0,19,0.399031191271286,17
"924",35,36,71,18,53,71,-35,0,18,0.416432986266434,18
"925",47,38,85,19,66,83,-47,0,19,0.412960644472911,17
"926",32,32,64,16,48,68,-32,0,16,0.297527981027881,20
"927",51,34,85,17,68,87,-51,0,17,0.517916854224937,19
"928",20,36,56,18,38,56,-20,0,18,0.278533206570551,18
"929",26,32,58,16,42,62,-26,0,16,0.442662698680147,20
"930",46,36,82,18,64,82,-46,0,18,0.338595691172405,18
"931",37,36,73,18,55,73,-37,0,18,0.342968601904179,18
"932",30,38,68,19,49,66,-30,0,19,0.255757475406035,17
"933",37,36,73,18,55,73,-37,0,18,0.467334373773621,18
"934",44,34,78,17,61,80,-44,0,17,0.436966996446974,19
"935",36,38,74,19,55,72,-36,0,19,0.407546389944899,17
"936",34,36,70,18,52,70,-34,0,18,0.326249172754792,18
"937",64,34,98,17,81,100,-64,0,17,0.520467818177747,19
"938",56,36,92,18,74,92,-56,0,18,0.477941335270601,18
"939",40,38,78,19,59,76,-40,0,19,0.368058515868861,17
"940",39,38,77,19,58,75,-39,0,19,0.423511480896255,17
"941",38,38,76,19,57,74,-38,0,19,0.447780723341792,17
"942",30,40,70,20,50,66,-30,0,20,0.384995566375988,16
"943",42,36,78,18,60,78,-42,0,18,0.351858469162353,18
"944",40,34,74,17,57,76,-40,0,17,0.438516023957341,19
"945",37,36,73,18,55,73,-37,0,18,0.260428533297078,18
"946",53,40,93,20,73,89,-53,0,20,0.385233513962078,16
"947",46,36,82,18,64,82,-46,0,18,0.284611457746828,18
"948",43,32,75,16,59,79,-43,0,16,0.450953134400142,20
"949",61,34,95,17,78,97,-61,0,17,0.506894532220581,19
"950",32,38,70,19,51,68,-32,0,19,0.279973839164903,17
"951",54,38,92,19,73,90,-54,0,19,0.414205443014844,17
"952",54,32,86,16,70,90,-54,0,16,0.515803420838417,20
"953",40,36,76,18,58,76,-40,0,18,0.410103408297049,18
"954",44,38,82,19,63,80,-44,0,19,0.359173611730251,17
"955",40,38,78,19,59,76,-40,0,19,0.482503204103964,17
"956",48,38,86,19,67,84,-48,0,19,0.509826975763363,17
"957",37,36,73,18,55,73,-37,0,18,0.313288279507185,18
"958",55,34,89,17,72,91,-55,0,17,0.476981630159453,19
"959",79,36,115,18,97,115,-79,0,18,0.525965394385623,18
"960",45,38,83,19,64,81,-45,0,19,0.347322880454865,17
"961",45,34,79,17,62,81,-45,0,17,0.414161179742889,19
"962",50,34,84,17,67,86,-50,0,17,0.472768956266689,19
"963",29,36,65,18,47,65,-29,0,18,0.170653493253648,18
"964",30,38,68,19,49,66,-30,0,19,0.411894467913131,17
"965",42,40,82,20,62,78,-42,0,20,0.372813964993689,16
"966",34,34,68,17,51,70,-34,0,17,0.42714061367249,19
"967",48,36,84,18,66,84,-48,0,18,0.38222681347846,18
"968",44,38,82,19,63,80,-44,0,19,0.386617894120379,17
"969",37,38,75,19,56,73,-37,0,19,0.326992890338037,17
"970",36,38,74,19,55,72,-36,0,19,0.269903481161252,17
"971",50,38,88,19,69,86,-50,0,19,0.443764621342733,17
"972",41,38,79,19,60,77,-41,0,19,0.404631216901131,17
"973",49,38,87,19,68,85,-49,0,19,0.318508803714526,17
"974",33,40,73,20,53,69,-33,0,20,0.349482877073872,16
"975",46,36,82,18,64,82,-46,0,18,0.464214277950111,18
"976",25,34,59,17,42,61,-25,0,17,0.160793900391185,19
"977",49,34,83,17,66,85,-49,0,17,0.316820828711483,19
"978",29,40,69,20,49,65,-29,0,20,0.210957096894281,16
"979",28,38,66,19,47,64,-28,0,19,0.34012030617022,17
"980",53,34,87,17,70,89,-53,0,17,0.52694431865442,19
"981",54,38,92,19,73,90,-54,0,19,0.336132406717238,17
"982",36,40,76,20,56,72,-36,0,20,0.282463028278185,16
"983",49,36,85,18,67,85,-49,0,18,0.457887260737402,18
"984",47,34,81,17,64,83,-47,0,17,0.476009482791044,19
"985",34,38,72,19,53,70,-34,0,19,0.286024420018931,17
"986",36,34,70,17,53,72,-36,0,17,0.345807544752446,19
"987",30,34,64,17,47,66,-30,0,17,0.35444973113571,19
"988",44,38,82,19,63,80,-44,0,19,0.460406128781771,17
"989",44,32,76,16,60,80,-44,0,16,0.465120623978374,20
"990",29,38,67,19,48,65,-29,0,19,0.433386486142714,17
"991",42,34,76,17,59,78,-42,0,17,0.357662041885756,19
"992",31,38,69,19,50,67,-31,0,19,0.236258985156576,17
"993",44,36,80,18,62,80,-44,0,18,0.461913052604708,18
"994",46,36,82,18,64,82,-46,0,18,0.463654387819978,18
"995",33,34,67,17,50,69,-33,0,17,0.253248601928602,19
"996",28,36,64,18,46,64,-28,0,18,0.286320276248659,18
"997",38,38,76,19,57,74,-38,0,19,0.345857822982655,17
"998",28,38,66,19,47,64,-28,0,19,0.254210510713253,17
"999",60,36,96,18,78,96,-60,0,18,0.42167027437357,18
"1000",56,40,96,20,76,92,-56,0,20,0.397217458892052,16
